{
  "GlobalObjectId_V1-2-b5708fe20a92b824885d2b8968e8da63-1918530880-0": {
    "GameObjectId": "GlobalObjectId_V1-2-b5708fe20a92b824885d2b8968e8da63-1918530880-0",
    "SectionColorRed": 0.5,
    "SectionColorGreen": 1.0,
    "SectionColorBlue": 0.8333334,
    "SectionAltColorRed": 0.125,
    "SectionAltColorGreen": 0.5,
    "SectionAltColorBlue": 0.37500003
  },
  "GlobalObjectId_V1-2-b5708fe20a92b824885d2b8968e8da63-1317730576-0": {
    "GameObjectId": "GlobalObjectId_V1-2-b5708fe20a92b824885d2b8968e8da63-1317730576-0",
    "SectionColorRed": 1.0,
    "SectionColorGreen": 0.8333334,
    "SectionColorBlue": 0.5,
    "SectionAltColorRed": 0.5,
    "SectionAltColorGreen": 0.375,
    "SectionAltColorBlue": 0.125
  },
  "GlobalObjectId_V1-2-b5708fe20a92b824885d2b8968e8da63-1036127481-0": {
    "GameObjectId": "GlobalObjectId_V1-2-b5708fe20a92b824885d2b8968e8da63-1036127481-0",
    "SectionColorRed": 1.0,
    "SectionColorGreen": 0.5,
    "SectionColorBlue": 0.5,
    "SectionAltColorRed": 0.5,
    "SectionAltColorGreen": 0.125,
    "SectionAltColorBlue": 0.125
  },
  "GlobalObjectId_V1-2-b5708fe20a92b824885d2b8968e8da63-1828177729-0": {
    "GameObjectId": "GlobalObjectId_V1-2-b5708fe20a92b824885d2b8968e8da63-1828177729-0",
    "SectionColorRed": 1.0,
    "SectionColorGreen": 0.5,
    "SectionColorBlue": 0.833333254,
    "SectionAltColorRed": 0.5,
    "SectionAltColorGreen": 0.125,
    "SectionAltColorBlue": 0.37499994
  }
}